interval	nofgenes_jan	nofgenes_gte	nofgenes_tcgan
0.00	0	0	0
0.01	0	18	1
0.02	0	63	1
0.03	0	118	9
0.04	0	161	11
0.05	0	211	15
0.06	0	240	23
0.07	0	261	29
0.08	0	286	31
0.09	0	309	34
0.10	0	326	39
0.11	0	344	45
0.12	0	359	50
0.13	0	377	56
0.14	0	396	62
0.15	0	410	66
0.16	0	425	71
0.17	0	435	75
0.18	0	439	79
0.19	0	453	81
0.20	0	467	85
0.21	0	472	87
0.22	0	483	88
0.23	0	494	90
0.24	0	500	92
0.25	0	515	96
0.26	0	526	101
0.27	0	535	103
0.28	0	541	105
0.29	0	552	108
0.30	0	561	115
0.31	0	571	118
0.32	0	580	122
0.33	0	585	126
0.34	0	601	128
0.35	0	607	131
0.36	0	616	132
0.37	0	629	133
0.38	0	636	135
0.39	0	650	138
0.40	0	657	142
0.41	0	666	145
0.42	0	674	146
0.43	0	684	147
0.44	0	695	150
0.45	0	704	154
0.46	0	713	154
0.47	0	721	157
0.48	0	735	159
0.49	0	741	164
0.50	0	748	168
0.51	0	755	170
0.52	0	762	172
0.53	0	771	174
0.54	0	781	176
0.55	0	789	182
0.56	0	796	183
0.57	0	802	185
0.58	0	814	187
0.59	0	821	189
0.60	0	832	189
0.61	0	838	194
0.62	0	845	194
0.63	0	855	195
0.64	0	864	196
0.65	0	871	197
0.66	0	888	200
0.67	0	896	201
0.68	0	902	202
0.69	1	912	208
0.70	1	914	208
0.71	2	924	209
0.72	2	930	213
0.73	3	938	214
0.74	3	949	215
0.75	4	954	221
0.76	4	959	222
0.77	4	962	222
0.78	4	971	222
0.79	6	981	225
0.80	7	990	228
0.81	7	998	228
0.82	7	1007	231
0.83	8	1015	234
0.84	10	1028	236
0.85	12	1035	237
0.86	14	1042	237
0.87	14	1052	239
0.88	15	1064	241
0.89	16	1072	243
0.90	23	1080	247
0.91	25	1087	251
0.92	28	1098	253
0.93	33	1106	253
0.94	37	1117	254
0.95	39	1130	255
0.96	42	1146	257
0.97	48	1153	258
0.98	53	1160	261
0.99	54	1172	261
1.00	59	1173	263
1.01	60	1184	267
1.02	63	1189	267
1.03	69	1206	269
1.04	74	1214	271
1.05	82	1226	272
1.06	88	1233	276
1.07	94	1240	276
1.08	100	1247	278
1.09	107	1258	280
1.10	111	1264	281
1.11	120	1272	284
1.12	126	1284	287
1.13	130	1294	287
1.14	138	1303	289
1.15	149	1311	291
1.16	157	1323	293
1.17	164	1340	294
1.18	178	1346	296
1.19	185	1358	301
1.20	191	1365	306
1.21	197	1373	308
1.22	214	1379	308
1.23	221	1388	309
1.24	230	1396	310
1.25	237	1407	315
1.26	249	1413	317
1.27	259	1426	319
1.28	274	1436	320
1.29	288	1451	323
1.30	301	1461	328
1.31	311	1468	329
1.32	324	1480	331
1.33	329	1495	332
1.34	342	1502	335
1.35	351	1512	336
1.36	371	1527	337
1.37	384	1536	338
1.38	402	1550	341
1.39	410	1565	343
1.40	422	1575	344
1.41	438	1591	346
1.42	449	1600	348
1.43	465	1606	350
1.44	479	1620	353
1.45	490	1633	355
1.46	506	1643	357
1.47	515	1664	357
1.48	530	1673	357
1.49	545	1685	359
1.50	556	1694	363
1.51	569	1703	366
1.52	587	1718	367
1.53	602	1722	370
1.54	617	1728	371
1.55	630	1732	373
1.56	641	1740	374
1.57	662	1751	379
1.58	685	1763	383
1.59	703	1771	384
1.60	718	1780	386
1.61	733	1794	391
1.62	756	1802	394
1.63	769	1808	394
1.64	783	1819	397
1.65	804	1835	398
1.66	825	1847	399
1.67	844	1861	400
1.68	857	1874	402
1.69	880	1889	404
1.70	895	1900	404
1.71	910	1912	406
1.72	927	1925	407
1.73	950	1938	410
1.74	973	1949	412
1.75	991	1960	415
1.76	1010	1967	415
1.77	1022	1979	418
1.78	1039	1987	418
1.79	1064	2000	420
1.80	1085	2013	421
1.81	1099	2030	425
1.82	1118	2042	428
1.83	1137	2060	431
1.84	1151	2069	432
1.85	1172	2079	435
1.86	1193	2088	437
1.87	1218	2096	440
1.88	1233	2107	442
1.89	1251	2119	444
1.90	1267	2131	445
1.91	1283	2145	447
1.92	1303	2159	448
1.93	1324	2171	452
1.94	1342	2181	455
1.95	1364	2195	459
1.96	1382	2206	461
1.97	1400	2227	462
1.98	1424	2247	464
1.99	1449	2260	465
2.00	1464	2277	467
2.01	1479	2285	468
2.02	1508	2305	471
2.03	1521	2319	475
2.04	1539	2333	475
2.05	1562	2345	475
2.06	1592	2351	476
2.07	1611	2369	477
2.08	1629	2381	478
2.09	1659	2387	479
2.10	1684	2395	482
2.11	1707	2411	483
2.12	1725	2429	489
2.13	1747	2447	489
2.14	1769	2460	494
2.15	1790	2474	496
2.16	1807	2482	498
2.17	1821	2499	499
2.18	1843	2514	500
2.19	1872	2526	505
2.20	1884	2541	510
2.21	1899	2559	512
2.22	1917	2573	514
2.23	1935	2591	517
2.24	1957	2608	520
2.25	1984	2623	521
2.26	2004	2629	523
2.27	2023	2639	527
2.28	2040	2655	530
2.29	2060	2676	533
2.30	2076	2687	536
2.31	2102	2700	538
2.32	2124	2720	541
2.33	2146	2740	542
2.34	2164	2758	543
2.35	2183	2773	543
2.36	2193	2789	543
2.37	2211	2805	544
2.38	2226	2821	545
2.39	2243	2840	546
2.40	2267	2860	547
2.41	2294	2880	549
2.42	2316	2902	551
2.43	2336	2917	551
2.44	2353	2931	552
2.45	2367	2944	554
2.46	2385	2962	555
2.47	2406	2978	557
2.48	2420	2993	558
2.49	2445	3006	560
2.50	2472	3033	563
2.51	2493	3050	567
2.52	2514	3069	568
2.53	2539	3085	571
2.54	2556	3108	572
2.55	2573	3133	573
2.56	2598	3149	574
2.57	2625	3172	578
2.58	2646	3192	583
2.59	2660	3214	585
2.60	2677	3235	588
2.61	2695	3259	589
2.62	2709	3276	589
2.63	2731	3298	590
2.64	2752	3318	593
2.65	2763	3336	595
2.66	2784	3355	596
2.67	2803	3377	598
2.68	2822	3400	598
2.69	2847	3423	601
2.70	2870	3444	602
2.71	2890	3467	604
2.72	2910	3493	608
2.73	2931	3507	610
2.74	2953	3524	613
2.75	2968	3547	615
2.76	2998	3557	618
2.77	3019	3579	620
2.78	3041	3597	621
2.79	3061	3622	625
2.80	3081	3639	629
2.81	3097	3660	631
2.82	3114	3685	632
2.83	3146	3708	633
2.84	3168	3736	637
2.85	3188	3762	639
2.86	3205	3784	639
2.87	3232	3804	643
2.88	3256	3827	645
2.89	3275	3851	645
2.90	3292	3865	647
2.91	3312	3894	650
2.92	3327	3921	652
2.93	3350	3937	655
2.94	3376	3969	657
2.95	3400	3992	658
2.96	3423	4016	661
2.97	3445	4053	664
2.98	3468	4079	666
2.99	3487	4108	668
3.00	3509	4124	669
3.01	3525	4149	672
3.02	3539	4173	674
3.03	3562	4194	675
3.04	3579	4207	680
3.05	3600	4229	681
3.06	3623	4246	682
3.07	3644	4270	685
3.08	3660	4300	689
3.09	3680	4325	690
3.10	3695	4353	692
3.11	3719	4381	695
3.12	3743	4406	699
3.13	3766	4431	702
3.14	3779	4458	704
3.15	3801	4485	706
3.16	3827	4518	708
3.17	3848	4546	709
3.18	3869	4572	715
3.19	3891	4599	715
3.20	3913	4625	717
3.21	3942	4654	718
3.22	3961	4674	718
3.23	3986	4704	723
3.24	4004	4734	723
3.25	4022	4771	725
3.26	4047	4795	727
3.27	4072	4827	728
3.28	4088	4862	734
3.29	4108	4881	738
3.30	4125	4905	741
3.31	4142	4935	743
3.32	4166	4966	745
3.33	4189	4999	745
3.34	4206	5021	747
3.35	4231	5061	748
3.36	4249	5083	751
3.37	4273	5119	753
3.38	4294	5151	757
3.39	4316	5183	761
3.40	4338	5214	762
3.41	4356	5236	765
3.42	4377	5260	768
3.43	4397	5296	770
3.44	4415	5322	772
3.45	4436	5347	774
3.46	4460	5369	778
3.47	4482	5396	778
3.48	4501	5431	780
3.49	4529	5453	781
3.50	4550	5478	782
3.51	4569	5517	784
3.52	4595	5551	789
3.53	4618	5576	790
3.54	4642	5607	795
3.55	4665	5645	797
3.56	4680	5678	799
3.57	4696	5713	803
3.58	4720	5749	805
3.59	4750	5784	807
3.60	4772	5820	808
3.61	4793	5851	813
3.62	4821	5878	815
3.63	4844	5909	818
3.64	4864	5933	821
3.65	4886	5978	824
3.66	4905	6006	826
3.67	4917	6032	829
3.68	4943	6058	834
3.69	4970	6086	834
3.70	4988	6117	836
3.71	5009	6154	837
3.72	5030	6183	840
3.73	5052	6210	843
3.74	5072	6234	847
3.75	5092	6266	849
3.76	5107	6298	850
3.77	5118	6331	850
3.78	5139	6368	851
3.79	5156	6395	854
3.80	5183	6429	854
3.81	5215	6455	854
3.82	5239	6483	856
3.83	5266	6520	856
3.84	5286	6560	858
3.85	5307	6594	860
3.86	5326	6637	862
3.87	5349	6679	864
3.88	5363	6713	864
3.89	5398	6747	867
3.90	5421	6782	867
3.91	5439	6822	870
3.92	5459	6859	874
3.93	5478	6886	875
3.94	5499	6931	876
3.95	5515	6962	877
3.96	5541	6991	880
3.97	5558	7028	883
3.98	5579	7059	885
3.99	5600	7091	886
4.00	5628	7125	886
4.01	5647	7161	888
4.02	5677	7203	895
4.03	5705	7241	896
4.04	5734	7275	900
4.05	5749	7310	902
4.06	5765	7345	902
4.07	5789	7370	903
4.08	5817	7407	904
4.09	5830	7435	907
4.10	5846	7457	913
4.11	5870	7495	918
4.12	5884	7525	919
4.13	5909	7557	923
4.14	5925	7591	929
4.15	5948	7626	932
4.16	5967	7666	934
4.17	5984	7700	935
4.18	6004	7736	938
4.19	6028	7759	941
4.20	6049	7798	943
4.21	6071	7818	946
4.22	6088	7845	949
4.23	6112	7883	956
4.24	6125	7915	959
4.25	6149	7939	963
4.26	6172	7966	966
4.27	6189	7996	969
4.28	6214	8042	973
4.29	6238	8080	974
4.30	6266	8101	974
4.31	6294	8126	976
4.32	6322	8162	978
4.33	6345	8195	979
4.34	6366	8224	981
4.35	6397	8256	985
4.36	6425	8292	987
4.37	6457	8333	990
4.38	6477	8372	992
4.39	6502	8401	995
4.40	6524	8425	996
4.41	6555	8455	999
4.42	6570	8487	1000
4.43	6586	8525	1002
4.44	6611	8548	1005
4.45	6629	8584	1006
4.46	6656	8623	1012
4.47	6680	8655	1017
4.48	6706	8686	1019
4.49	6730	8713	1021
4.50	6748	8752	1022
4.51	6767	8788	1023
4.52	6790	8812	1024
4.53	6811	8838	1026
4.54	6839	8864	1028
4.55	6870	8897	1032
4.56	6881	8936	1033
4.57	6895	8973	1033
4.58	6913	9013	1035
4.59	6933	9054	1036
4.60	6955	9086	1039
4.61	6987	9120	1041
4.62	7013	9156	1047
4.63	7033	9193	1049
4.64	7056	9224	1050
4.65	7077	9267	1051
4.66	7094	9297	1053
4.67	7114	9340	1053
4.68	7126	9379	1055
4.69	7147	9417	1057
4.70	7166	9439	1059
4.71	7186	9468	1059
4.72	7202	9491	1061
4.73	7229	9513	1066
4.74	7246	9548	1069
4.75	7271	9566	1073
4.76	7303	9595	1073
4.77	7336	9623	1077
4.78	7361	9651	1078
4.79	7379	9676	1081
4.80	7407	9713	1083
4.81	7425	9741	1088
4.82	7453	9768	1091
4.83	7485	9796	1093
4.84	7497	9832	1097
4.85	7514	9856	1099
4.86	7544	9884	1100
4.87	7566	9910	1104
4.88	7582	9945	1107
4.89	7602	9989	1109
4.90	7625	10020	1110
4.91	7646	10048	1115
4.92	7664	10081	1117
4.93	7684	10119	1123
4.94	7700	10144	1127
4.95	7721	10164	1128
4.96	7743	10179	1129
4.97	7756	10205	1133
4.98	7781	10234	1133
4.99	7798	10267	1135
5.00	7827	10299	1138
5.01	7855	10329	1142
5.02	7879	10348	1143
5.03	7899	10382	1145
5.04	7921	10419	1147
5.05	7942	10453	1149
5.06	7967	10483	1156
5.07	7994	10509	1158
5.08	8019	10541	1163
5.09	8044	10567	1168
5.10	8070	10601	1171
5.11	8089	10622	1178
5.12	8112	10647	1180
5.13	8139	10671	1181
5.14	8172	10694	1185
5.15	8198	10724	1187
5.16	8222	10745	1190
5.17	8252	10765	1190
5.18	8279	10789	1193
5.19	8313	10812	1197
5.20	8338	10845	1201
5.21	8361	10875	1203
5.22	8387	10905	1206
5.23	8408	10924	1211
5.24	8438	10950	1212
5.25	8461	10979	1217
5.26	8487	11009	1219
5.27	8519	11037	1224
5.28	8535	11056	1227
5.29	8554	11077	1232
5.30	8578	11104	1238
5.31	8602	11146	1242
5.32	8618	11173	1244
5.33	8642	11193	1249
5.34	8663	11213	1257
5.35	8691	11244	1260
5.36	8712	11271	1263
5.37	8743	11293	1266
5.38	8763	11314	1269
5.39	8790	11336	1273
5.40	8815	11360	1274
5.41	8842	11386	1279
5.42	8867	11411	1284
5.43	8883	11432	1285
5.44	8900	11462	1286
5.45	8934	11484	1290
5.46	8956	11514	1297
5.47	8982	11541	1299
5.48	9008	11574	1302
5.49	9033	11598	1305
5.50	9059	11623	1309
5.51	9085	11643	1313
5.52	9110	11662	1316
5.53	9139	11684	1320
5.54	9169	11706	1324
5.55	9189	11727	1331
5.56	9214	11743	1337
5.57	9244	11766	1338
5.58	9268	11788	1340
5.59	9292	11808	1344
5.60	9320	11826	1349
5.61	9347	11853	1351
5.62	9368	11870	1359
5.63	9391	11887	1363
5.64	9416	11909	1369
5.65	9438	11930	1374
5.66	9463	11951	1377
5.67	9476	11975	1381
5.68	9499	12003	1385
5.69	9523	12026	1388
5.70	9547	12048	1390
5.71	9574	12067	1392
5.72	9592	12097	1395
5.73	9610	12118	1400
5.74	9640	12139	1402
5.75	9673	12156	1404
5.76	9698	12174	1409
5.77	9721	12195	1410
5.78	9756	12212	1414
5.79	9774	12247	1417
5.80	9792	12274	1422
5.81	9807	12303	1428
5.82	9828	12323	1433
5.83	9850	12340	1434
5.84	9874	12358	1438
5.85	9897	12377	1440
5.86	9911	12389	1444
5.87	9934	12407	1445
5.88	9962	12419	1455
5.89	9988	12433	1461
5.90	10017	12454	1466
5.91	10036	12476	1474
5.92	10060	12490	1475
5.93	10089	12512	1477
5.94	10109	12532	1480
5.95	10139	12545	1484
5.96	10159	12572	1490
5.97	10184	12588	1493
5.98	10210	12609	1497
5.99	10227	12626	1501
6.00	10248	12643	1502
6.01	10268	12658	1508
6.02	10287	12672	1512
6.03	10309	12688	1513
6.04	10336	12709	1521
6.05	10355	12721	1522
6.06	10388	12738	1526
6.07	10414	12760	1529
6.08	10438	12772	1532
6.09	10451	12791	1535
6.10	10472	12807	1539
6.11	10490	12824	1544
6.12	10511	12847	1547
6.13	10530	12865	1549
6.14	10546	12876	1555
6.15	10563	12895	1564
6.16	10589	12916	1571
6.17	10609	12934	1578
6.18	10627	12957	1581
6.19	10653	12973	1588
6.20	10676	12989	1596
6.21	10693	13001	1601
6.22	10715	13024	1606
6.23	10732	13037	1613
6.24	10751	13051	1615
6.25	10770	13063	1618
6.26	10791	13079	1625
6.27	10819	13091	1626
6.28	10835	13104	1632
6.29	10853	13120	1636
6.30	10873	13138	1638
6.31	10888	13151	1640
6.32	10906	13167	1644
6.33	10928	13178	1652
6.34	10955	13188	1655
6.35	10970	13205	1660
6.36	10985	13220	1667
6.37	11017	13234	1672
6.38	11033	13252	1676
6.39	11062	13264	1681
6.40	11078	13277	1688
6.41	11099	13292	1693
6.42	11122	13314	1700
6.43	11144	13324	1704
6.44	11160	13337	1709
6.45	11179	13354	1712
6.46	11195	13366	1718
6.47	11215	13376	1725
6.48	11226	13391	1733
6.49	11253	13402	1741
6.50	11276	13415	1744
6.51	11294	13421	1747
6.52	11319	13436	1749
6.53	11339	13450	1757
6.54	11358	13460	1763
6.55	11387	13470	1773
6.56	11408	13481	1776
6.57	11427	13498	1781
6.58	11451	13512	1784
6.59	11472	13525	1788
6.60	11490	13536	1790
6.61	11509	13543	1794
6.62	11534	13558	1797
6.63	11547	13569	1807
6.64	11568	13583	1810
6.65	11590	13592	1815
6.66	11609	13604	1822
6.67	11631	13621	1829
6.68	11648	13635	1836
6.69	11667	13649	1841
6.70	11684	13657	1850
6.71	11695	13667	1858
6.72	11715	13684	1864
6.73	11733	13695	1870
6.74	11756	13705	1874
6.75	11780	13717	1879
6.76	11814	13727	1884
6.77	11832	13736	1886
6.78	11848	13742	1891
6.79	11872	13749	1897
6.80	11893	13754	1900
6.81	11913	13757	1903
6.82	11931	13767	1905
6.83	11949	13777	1909
6.84	11963	13785	1910
6.85	11978	13792	1916
6.86	12003	13798	1921
6.87	12023	13804	1926
6.88	12036	13814	1936
6.89	12049	13823	1943
6.90	12063	13833	1951
6.91	12082	13842	1958
6.92	12105	13849	1965
6.93	12125	13860	1968
6.94	12143	13873	1972
6.95	12166	13880	1982
6.96	12183	13888	1985
6.97	12202	13897	1994
6.98	12223	13913	2003
6.99	12245	13919	2013
7.00	12258	13930	2019
7.01	12275	13943	2025
7.02	12289	13950	2030
7.03	12308	13963	2035
7.04	12317	13967	2042
7.05	12332	13977	2054
7.06	12359	13989	2055
7.07	12369	13996	2067
7.08	12387	14002	2072
7.09	12406	14013	2076
7.10	12421	14018	2079
7.11	12434	14029	2083
7.12	12450	14042	2089
7.13	12469	14056	2100
7.14	12481	14063	2109
7.15	12498	14068	2116
7.16	12516	14073	2123
7.17	12530	14081	2130
7.18	12544	14087	2142
7.19	12557	14093	2144
7.20	12573	14098	2149
7.21	12592	14104	2151
7.22	12608	14109	2161
7.23	12631	14117	2169
7.24	12643	14122	2177
7.25	12661	14128	2183
7.26	12677	14130	2190
7.27	12697	14136	2199
7.28	12711	14144	2204
7.29	12723	14148	2211
7.30	12741	14155	2215
7.31	12761	14162	2224
7.32	12776	14165	2229
7.33	12797	14174	2236
7.34	12812	14180	2241
7.35	12830	14190	2249
7.36	12845	14197	2253
7.37	12860	14205	2260
7.38	12875	14211	2268
7.39	12894	14219	2275
7.40	12908	14229	2280
7.41	12915	14233	2285
7.42	12931	14236	2291
7.43	12947	14238	2298
7.44	12961	14242	2306
7.45	12976	14250	2309
7.46	12985	14255	2313
7.47	13001	14263	2320
7.48	13010	14270	2327
7.49	13028	14271	2334
7.50	13047	14279	2343
7.51	13070	14285	2352
7.52	13082	14290	2368
7.53	13097	14296	2377
7.54	13111	14300	2380
7.55	13121	14308	2393
7.56	13132	14312	2402
7.57	13140	14319	2409
7.58	13160	14325	2415
7.59	13177	14328	2419
7.60	13195	14335	2426
7.61	13210	14339	2432
7.62	13218	14345	2438
7.63	13229	14346	2443
7.64	13253	14349	2449
7.65	13270	14352	2459
7.66	13279	14356	2471
7.67	13298	14363	2479
7.68	13309	14372	2487
7.69	13321	14377	2497
7.70	13333	14383	2508
7.71	13346	14389	2520
7.72	13364	14393	2531
7.73	13374	14398	2541
7.74	13389	14404	2546
7.75	13410	14409	2555
7.76	13426	14414	2561
7.77	13432	14419	2574
7.78	13443	14426	2580
7.79	13457	14429	2591
7.80	13466	14435	2596
7.81	13479	14438	2607
7.82	13490	14441	2614
7.83	13497	14445	2619
7.84	13511	14451	2631
7.85	13524	14453	2641
7.86	13537	14457	2647
7.87	13552	14462	2655
7.88	13560	14466	2666
7.89	13575	14469	2672
7.90	13586	14473	2681
7.91	13597	14475	2689
7.92	13614	14477	2693
7.93	13622	14482	2702
7.94	13626	14488	2708
7.95	13640	14492	2723
7.96	13648	14495	2735
7.97	13662	14499	2744
7.98	13675	14502	2756
7.99	13687	14514	2763
8.00	13698	14518	2774
8.01	13713	14524	2780
8.02	13725	14530	2796
8.03	13739	14537	2803
8.04	13765	14541	2808
8.05	13775	14545	2818
8.06	13786	14551	2826
8.07	13798	14553	2837
8.08	13809	14558	2851
8.09	13821	14561	2862
8.10	13827	14566	2876
8.11	13838	14568	2891
8.12	13850	14573	2903
8.13	13862	14577	2917
8.14	13872	14580	2928
8.15	13885	14582	2938
8.16	13889	14585	2952
8.17	13900	14586	2958
8.18	13909	14588	2962
8.19	13915	14593	2974
8.20	13929	14597	2985
8.21	13938	14599	2995
8.22	13946	14600	3007
8.23	13953	14601	3022
8.24	13957	14603	3035
8.25	13965	14605	3048
8.26	13976	14610	3066
8.27	13983	14615	3073
8.28	13997	14622	3083
8.29	14008	14625	3090
8.30	14014	14630	3099
8.31	14019	14631	3109
8.32	14032	14635	3116
8.33	14041	14640	3124
8.34	14044	14644	3135
8.35	14055	14649	3145
8.36	14062	14652	3151
8.37	14071	14656	3163
8.38	14088	14656	3174
8.39	14091	14657	3187
8.40	14098	14661	3205
8.41	14108	14665	3218
8.42	14117	14670	3228
8.43	14125	14671	3244
8.44	14137	14675	3260
8.45	14145	14678	3279
8.46	14150	14678	3294
8.47	14159	14681	3307
8.48	14166	14685	3319
8.49	14177	14690	3329
8.50	14181	14692	3339
8.51	14185	14693	3352
8.52	14198	14697	3365
8.53	14204	14698	3378
8.54	14216	14700	3388
8.55	14231	14702	3406
8.56	14241	14703	3416
8.57	14252	14704	3431
8.58	14261	14707	3449
8.59	14274	14713	3462
8.60	14279	14717	3483
8.61	14289	14722	3499
8.62	14297	14722	3516
8.63	14305	14727	3527
8.64	14312	14729	3545
8.65	14324	14732	3561
8.66	14328	14733	3574
8.67	14337	14736	3591
8.68	14344	14740	3600
8.69	14351	14741	3618
8.70	14355	14745	3638
8.71	14359	14747	3652
8.72	14373	14748	3674
8.73	14380	14749	3693
8.74	14386	14753	3714
8.75	14398	14755	3724
8.76	14404	14758	3736
8.77	14408	14760	3749
8.78	14415	14761	3769
8.79	14423	14764	3787
8.80	14427	14767	3799
8.81	14437	14768	3809
8.82	14443	14770	3820
8.83	14446	14770	3843
8.84	14453	14771	3856
8.85	14456	14772	3866
8.86	14458	14775	3883
8.87	14464	14778	3895
8.88	14466	14782	3914
8.89	14468	14782	3926
8.90	14474	14787	3943
8.91	14476	14789	3961
8.92	14485	14790	3973
8.93	14495	14794	3988
8.94	14498	14797	4010
8.95	14503	14798	4027
8.96	14512	14799	4046
8.97	14520	14800	4069
8.98	14524	14800	4090
8.99	14534	14803	4107
9.00	14540	14807	4127
9.01	14547	14807	4148
9.02	14550	14809	4166
9.03	14556	14811	4185
9.04	14556	14815	4212
9.05	14565	14816	4234
9.06	14568	14818	4252
9.07	14574	14821	4272
9.08	14579	14821	4290
9.09	14581	14824	4311
9.10	14585	14825	4328
9.11	14590	14825	4343
9.12	14595	14828	4362
9.13	14601	14831	4381
9.14	14608	14833	4400
9.15	14616	14835	4418
9.16	14620	14835	4443
9.17	14625	14837	4464
9.18	14629	14839	4486
9.19	14632	14843	4506
9.20	14642	14845	4525
9.21	14643	14845	4543
9.22	14650	14846	4561
9.23	14658	14847	4575
9.24	14668	14849	4601
9.25	14672	14851	4622
9.26	14676	14852	4639
9.27	14682	14852	4657
9.28	14689	14852	4671
9.29	14692	14854	4697
9.30	14700	14854	4717
9.31	14707	14856	4738
9.32	14709	14857	4759
9.33	14711	14857	4778
9.34	14713	14862	4802
9.35	14713	14862	4822
9.36	14720	14865	4848
9.37	14723	14869	4875
9.38	14728	14870	4892
9.39	14735	14870	4912
9.40	14739	14871	4937
9.41	14743	14875	4960
9.42	14746	14878	4981
9.43	14748	14878	5001
9.44	14752	14878	5018
9.45	14755	14878	5042
9.46	14758	14881	5066
9.47	14763	14884	5080
9.48	14766	14885	5106
9.49	14769	14885	5125
9.50	14770	14887	5142
9.51	14772	14890	5171
9.52	14775	14892	5196
9.53	14778	14893	5215
9.54	14780	14899	5237
9.55	14782	14900	5252
9.56	14785	14902	5280
9.57	14789	14902	5305
9.58	14794	14903	5329
9.59	14797	14903	5355
9.60	14800	14904	5388
9.61	14802	14904	5421
9.62	14808	14904	5443
9.63	14811	14907	5477
9.64	14813	14908	5497
9.65	14820	14910	5524
9.66	14821	14913	5553
9.67	14821	14914	5576
9.68	14824	14914	5602
9.69	14827	14915	5625
9.70	14829	14916	5656
9.71	14831	14917	5685
9.72	14833	14919	5705
9.73	14834	14920	5738
9.74	14834	14920	5773
9.75	14835	14921	5803
9.76	14838	14925	5830
9.77	14843	14927	5859
9.78	14845	14927	5885
9.79	14847	14927	5920
9.80	14853	14928	5952
9.81	14856	14931	5975
9.82	14857	14934	6003
9.83	14860	14935	6021
9.84	14862	14936	6052
9.85	14866	14937	6079
9.86	14870	14938	6099
9.87	14872	14941	6119
9.88	14873	14942	6142
9.89	14873	14943	6167
9.90	14875	14944	6187
9.91	14877	14944	6223
9.92	14879	14946	6248
9.93	14880	14948	6268
9.94	14883	14950	6285
9.95	14886	14950	6312
9.96	14889	14951	6346
9.97	14894	14952	6371
9.98	14898	14952	6397
9.99	14900	14952	6427
10.00	14902	14954	6451
10.01	14904	14955	6478
10.02	14912	14956	6512
10.03	14914	14957	6541
10.04	14915	14959	6574
10.05	14916	14960	6606
10.06	14918	14961	6634
10.07	14919	14961	6656
10.08	14920	14963	6675
10.09	14920	14963	6710
10.10	14920	14963	6747
10.11	14922	14964	6775
10.12	14924	14964	6811
10.13	14924	14964	6843
10.14	14926	14964	6873
10.15	14930	14965	6900
10.16	14931	14965	6940
10.17	14936	14968	6965
10.18	14938	14969	6988
10.19	14939	14969	7015
10.20	14939	14969	7053
10.21	14940	14970	7089
10.22	14941	14971	7121
10.23	14942	14972	7147
10.24	14946	14972	7188
10.25	14947	14972	7220
10.26	14950	14972	7249
10.27	14952	14974	7276
10.28	14953	14974	7302
10.29	14953	14974	7334
10.30	14955	14975	7376
10.31	14955	14975	7399
10.32	14956	14976	7437
10.33	14958	14976	7471
10.34	14958	14976	7506
10.35	14958	14977	7549
10.36	14959	14978	7578
10.37	14959	14978	7613
10.38	14960	14979	7649
10.39	14961	14980	7683
10.40	14965	14983	7713
10.41	14968	14984	7743
10.42	14969	14984	7775
10.43	14972	14984	7805
10.44	14974	14986	7834
10.45	14976	14986	7864
10.46	14977	14986	7897
10.47	14978	14986	7937
10.48	14978	14986	7975
10.49	14979	14986	8007
10.50	14979	14988	8044
10.51	14979	14988	8076
10.52	14981	14989	8117
10.53	14983	14989	8152
10.54	14985	14990	8181
10.55	14985	14990	8210
10.56	14985	14990	8239
10.57	14989	14990	8265
10.58	14991	14991	8301
10.59	14992	14991	8342
10.60	14992	14991	8380
10.61	14993	14992	8413
10.62	14994	14992	8445
10.63	14996	14995	8476
10.64	14997	14995	8514
10.65	14997	14996	8554
10.66	14997	14997	8592
10.67	14997	14997	8632
10.68	14999	14998	8657
10.69	15000	14998	8681
10.70	15001	14998	8713
10.71	15002	15000	8744
10.72	15002	15000	8779
10.73	15003	15002	8808
10.74	15005	15002	8840
10.75	15007	15003	8877
10.76	15008	15003	8903
10.77	15008	15003	8933
10.78	15009	15003	8969
10.79	15009	15004	8997
10.80	15009	15005	9026
10.81	15010	15006	9058
10.82	15011	15006	9092
10.83	15012	15006	9124
10.84	15013	15007	9159
10.85	15013	15007	9185
10.86	15014	15007	9211
10.87	15014	15007	9244
10.88	15014	15007	9266
10.89	15015	15007	9300
10.90	15015	15009	9327
10.91	15017	15010	9356
10.92	15017	15010	9389
10.93	15018	15010	9427
10.94	15020	15010	9456
10.95	15022	15010	9490
10.96	15022	15011	9520
10.97	15025	15011	9563
10.98	15025	15012	9583
10.99	15025	15012	9613
11.00	15025	15012	9654
11.01	15025	15012	9690
11.02	15025	15013	9715
11.03	15025	15013	9751
11.04	15025	15013	9778
11.05	15026	15013	9815
11.06	15027	15013	9842
11.07	15027	15013	9863
11.08	15027	15014	9886
11.09	15027	15016	9918
11.10	15027	15016	9947
11.11	15028	15016	9985
11.12	15028	15016	10021
11.13	15029	15016	10047
11.14	15030	15016	10086
11.15	15031	15016	10116
11.16	15032	15017	10140
11.17	15032	15017	10167
11.18	15032	15017	10198
11.19	15032	15018	10233
11.20	15032	15019	10269
11.21	15032	15020	10294
11.22	15033	15021	10319
11.23	15033	15021	10352
11.24	15034	15021	10392
11.25	15035	15021	10418
11.26	15035	15022	10456
11.27	15035	15022	10490
11.28	15035	15022	10529
11.29	15035	15022	10550
11.30	15036	15022	10581
11.31	15038	15024	10607
11.32	15038	15024	10630
11.33	15038	15024	10668
11.34	15039	15024	10695
11.35	15039	15024	10730
11.36	15040	15024	10767
11.37	15040	15024	10805
11.38	15040	15024	10833
11.39	15040	15024	10865
11.40	15040	15024	10896
11.41	15041	15024	10929
11.42	15042	15025	10964
11.43	15042	15025	10997
11.44	15042	15025	11019
11.45	15042	15025	11049
11.46	15042	15025	11076
11.47	15042	15026	11105
11.48	15042	15026	11128
11.49	15042	15026	11150
11.50	15042	15027	11177
11.51	15042	15027	11199
11.52	15043	15027	11233
11.53	15043	15028	11267
11.54	15044	15029	11299
11.55	15044	15029	11327
11.56	15044	15029	11358
11.57	15044	15030	11376
11.58	15045	15030	11409
11.59	15046	15030	11438
11.60	15047	15030	11470
11.61	15047	15030	11497
11.62	15048	15030	11529
11.63	15049	15031	11560
11.64	15049	15031	11584
11.65	15051	15031	11600
11.66	15052	15031	11635
11.67	15053	15032	11664
11.68	15053	15033	11686
11.69	15053	15033	11715
11.70	15053	15034	11734
11.71	15053	15035	11763
11.72	15053	15035	11788
11.73	15053	15035	11808
11.74	15053	15036	11834
11.75	15053	15036	11859
11.76	15053	15036	11884
11.77	15053	15037	11907
11.78	15054	15037	11928
11.79	15055	15037	11956
11.80	15055	15037	11983
11.81	15055	15038	12016
11.82	15055	15038	12039
11.83	15055	15038	12063
11.84	15056	15038	12083
11.85	15056	15039	12105
11.86	15056	15039	12133
11.87	15056	15039	12152
11.88	15056	15039	12173
11.89	15057	15039	12194
11.90	15057	15039	12225
11.91	15057	15039	12249
11.92	15057	15040	12270
11.93	15058	15040	12300
11.94	15058	15041	12323
11.95	15058	15041	12346
11.96	15058	15043	12367
11.97	15058	15043	12388
11.98	15058	15043	12408
11.99	15058	15043	12439
12.00	15058	15043	12467
12.01	15058	15043	12491
12.02	15058	15043	12513
12.03	15058	15043	12526
12.04	15058	15043	12554
12.05	15058	15043	12576
12.06	15059	15043	12596
12.07	15059	15043	12617
12.08	15059	15043	12640
12.09	15059	15043	12658
12.10	15059	15044	12675
12.11	15060	15044	12698
12.12	15060	15045	12718
12.13	15060	15045	12743
12.14	15060	15045	12758
12.15	15060	15045	12783
12.16	15060	15045	12801
12.17	15060	15045	12824
12.18	15060	15045	12841
12.19	15060	15045	12864
12.20	15060	15045	12877
12.21	15060	15045	12903
12.22	15060	15045	12920
12.23	15060	15045	12939
12.24	15060	15045	12957
12.25	15060	15045	12982
12.26	15060	15045	12999
12.27	15060	15045	13018
12.28	15060	15045	13035
12.29	15060	15045	13048
12.30	15060	15045	13058
12.31	15060	15045	13070
12.32	15060	15045	13086
12.33	15060	15045	13112
12.34	15060	15045	13123
12.35	15060	15045	13145
12.36	15060	15045	13157
12.37	15060	15045	13174
12.38	15060	15046	13191
12.39	15060	15046	13209
12.40	15060	15047	13225
12.41	15060	15047	13248
12.42	15060	15047	13262
12.43	15060	15048	13278
12.44	15060	15048	13295
12.45	15060	15048	13312
12.46	15060	15049	13321
12.47	15060	15049	13341
12.48	15060	15049	13352
12.49	15060	15050	13371
12.50	15060	15050	13389
12.51	15060	15050	13407
12.52	15060	15050	13415
12.53	15060	15050	13428
12.54	15060	15050	13435
12.55	15060	15050	13455
12.56	15060	15050	13473
12.57	15060	15050	13491
12.58	15060	15050	13503
12.59	15060	15050	13530
12.60	15060	15050	13545
12.61	15060	15050	13564
12.62	15060	15050	13579
12.63	15060	15050	13592
12.64	15060	15050	13608
12.65	15060	15051	13624
12.66	15060	15051	13639
12.67	15060	15051	13650
12.68	15060	15051	13661
12.69	15060	15051	13672
12.70	15060	15052	13683
12.71	15060	15052	13694
12.72	15060	15052	13705
12.73	15060	15052	13717
12.74	15060	15052	13726
12.75	15061	15052	13737
12.76	15061	15052	13747
12.77	15061	15052	13761
12.78	15061	15052	13768
12.79	15061	15052	13776
12.80	15061	15052	13790
12.81	15061	15052	13801
12.82	15061	15052	13815
12.83	15061	15052	13823
12.84	15061	15052	13832
12.85	15061	15052	13837
12.86	15061	15052	13848
12.87	15061	15052	13852
12.88	15061	15052	13859
12.89	15061	15052	13865
12.90	15061	15052	13875
12.91	15061	15052	13888
12.92	15061	15052	13906
12.93	15061	15052	13915
12.94	15061	15052	13926
12.95	15061	15052	13938
12.96	15061	15052	13947
12.97	15061	15052	13961
12.98	15061	15053	13969
12.99	15061	15053	13977
13.00	15064	15064	15064