interval	nofgenes
0.00	0
0.01	1
0.02	1
0.03	9
0.04	11
0.05	15
0.06	23
0.07	29
0.08	31
0.09	34
0.10	39
0.11	45
0.12	50
0.13	56
0.14	62
0.15	66
0.16	71
0.17	75
0.18	79
0.19	81
0.20	85
0.21	87
0.22	88
0.23	90
0.24	92
0.25	96
0.26	101
0.27	103
0.28	105
0.29	108
0.30	115
0.31	118
0.32	122
0.33	126
0.34	128
0.35	131
0.36	132
0.37	133
0.38	135
0.39	138
0.40	142
0.41	145
0.42	146
0.43	147
0.44	150
0.45	154
0.46	154
0.47	157
0.48	159
0.49	164
0.50	168
0.51	170
0.52	172
0.53	174
0.54	176
0.55	182
0.56	183
0.57	185
0.58	187
0.59	189
0.60	189
0.61	194
0.62	194
0.63	195
0.64	196
0.65	197
0.66	200
0.67	201
0.68	202
0.69	208
0.70	208
0.71	209
0.72	213
0.73	214
0.74	215
0.75	221
0.76	222
0.77	222
0.78	222
0.79	225
0.80	228
0.81	228
0.82	231
0.83	234
0.84	236
0.85	237
0.86	237
0.87	239
0.88	241
0.89	243
0.90	247
0.91	251
0.92	253
0.93	253
0.94	254
0.95	255
0.96	257
0.97	258
0.98	261
0.99	261
1.00	263
1.01	267
1.02	267
1.03	269
1.04	271
1.05	272
1.06	276
1.07	276
1.08	278
1.09	280
1.10	281
1.11	284
1.12	287
1.13	287
1.14	289
1.15	291
1.16	293
1.17	294
1.18	296
1.19	301
1.20	306
1.21	308
1.22	308
1.23	309
1.24	310
1.25	315
1.26	317
1.27	319
1.28	320
1.29	323
1.30	328
1.31	329
1.32	331
1.33	332
1.34	335
1.35	336
1.36	337
1.37	338
1.38	341
1.39	343
1.40	344
1.41	346
1.42	348
1.43	350
1.44	353
1.45	355
1.46	357
1.47	357
1.48	357
1.49	359
1.50	363
1.51	366
1.52	367
1.53	370
1.54	371
1.55	373
1.56	374
1.57	379
1.58	383
1.59	384
1.60	386
1.61	391
1.62	394
1.63	394
1.64	397
1.65	398
1.66	399
1.67	400
1.68	402
1.69	404
1.70	404
1.71	406
1.72	407
1.73	410
1.74	412
1.75	415
1.76	415
1.77	418
1.78	418
1.79	420
1.80	421
1.81	425
1.82	428
1.83	431
1.84	432
1.85	435
1.86	437
1.87	440
1.88	442
1.89	444
1.90	445
1.91	447
1.92	448
1.93	452
1.94	455
1.95	459
1.96	461
1.97	462
1.98	464
1.99	465
2.00	467
2.01	468
2.02	471
2.03	475
2.04	475
2.05	475
2.06	476
2.07	477
2.08	478
2.09	479
2.10	482
2.11	483
2.12	489
2.13	489
2.14	494
2.15	496
2.16	498
2.17	499
2.18	500
2.19	505
2.20	510
2.21	512
2.22	514
2.23	517
2.24	520
2.25	521
2.26	523
2.27	527
2.28	530
2.29	533
2.30	536
2.31	538
2.32	541
2.33	542
2.34	543
2.35	543
2.36	543
2.37	544
2.38	545
2.39	546
2.40	547
2.41	549
2.42	551
2.43	551
2.44	552
2.45	554
2.46	555
2.47	557
2.48	558
2.49	560
2.50	563
2.51	567
2.52	568
2.53	571
2.54	572
2.55	573
2.56	574
2.57	578
2.58	583
2.59	585
2.60	588
2.61	589
2.62	589
2.63	590
2.64	593
2.65	595
2.66	596
2.67	598
2.68	598
2.69	601
2.70	602
2.71	604
2.72	608
2.73	610
2.74	613
2.75	615
2.76	618
2.77	620
2.78	621
2.79	625
2.80	629
2.81	631
2.82	632
2.83	633
2.84	637
2.85	639
2.86	639
2.87	643
2.88	645
2.89	645
2.90	647
2.91	650
2.92	652
2.93	655
2.94	657
2.95	658
2.96	661
2.97	664
2.98	666
2.99	668
3.00	669
3.01	672
3.02	674
3.03	675
3.04	680
3.05	681
3.06	682
3.07	685
3.08	689
3.09	690
3.10	692
3.11	695
3.12	699
3.13	702
3.14	704
3.15	706
3.16	708
3.17	709
3.18	715
3.19	715
3.20	717
3.21	718
3.22	718
3.23	723
3.24	723
3.25	725
3.26	727
3.27	728
3.28	734
3.29	738
3.30	741
3.31	743
3.32	745
3.33	745
3.34	747
3.35	748
3.36	751
3.37	753
3.38	757
3.39	761
3.40	762
3.41	765
3.42	768
3.43	770
3.44	772
3.45	774
3.46	778
3.47	778
3.48	780
3.49	781
3.50	782
3.51	784
3.52	789
3.53	790
3.54	795
3.55	797
3.56	799
3.57	803
3.58	805
3.59	807
3.60	808
3.61	813
3.62	815
3.63	818
3.64	821
3.65	824
3.66	826
3.67	829
3.68	834
3.69	834
3.70	836
3.71	837
3.72	840
3.73	843
3.74	847
3.75	849
3.76	850
3.77	850
3.78	851
3.79	854
3.80	854
3.81	854
3.82	856
3.83	856
3.84	858
3.85	860
3.86	862
3.87	864
3.88	864
3.89	867
3.90	867
3.91	870
3.92	874
3.93	875
3.94	876
3.95	877
3.96	880
3.97	883
3.98	885
3.99	886
4.00	886
4.01	888
4.02	895
4.03	896
4.04	900
4.05	902
4.06	902
4.07	903
4.08	904
4.09	907
4.10	913
4.11	918
4.12	919
4.13	923
4.14	929
4.15	932
4.16	934
4.17	935
4.18	938
4.19	941
4.20	943
4.21	946
4.22	949
4.23	956
4.24	959
4.25	963
4.26	966
4.27	969
4.28	973
4.29	974
4.30	974
4.31	976
4.32	978
4.33	979
4.34	981
4.35	985
4.36	987
4.37	990
4.38	992
4.39	995
4.40	996
4.41	999
4.42	1000
4.43	1002
4.44	1005
4.45	1006
4.46	1012
4.47	1017
4.48	1019
4.49	1021
4.50	1022
4.51	1023
4.52	1024
4.53	1026
4.54	1028
4.55	1032
4.56	1033
4.57	1033
4.58	1035
4.59	1036
4.60	1039
4.61	1041
4.62	1047
4.63	1049
4.64	1050
4.65	1051
4.66	1053
4.67	1053
4.68	1055
4.69	1057
4.70	1059
4.71	1059
4.72	1061
4.73	1066
4.74	1069
4.75	1073
4.76	1073
4.77	1077
4.78	1078
4.79	1081
4.80	1083
4.81	1088
4.82	1091
4.83	1093
4.84	1097
4.85	1099
4.86	1100
4.87	1104
4.88	1107
4.89	1109
4.90	1110
4.91	1115
4.92	1117
4.93	1123
4.94	1127
4.95	1128
4.96	1129
4.97	1133
4.98	1133
4.99	1135
5.00	1138
5.01	1142
5.02	1143
5.03	1145
5.04	1147
5.05	1149
5.06	1156
5.07	1158
5.08	1163
5.09	1168
5.10	1171
5.11	1178
5.12	1180
5.13	1181
5.14	1185
5.15	1187
5.16	1190
5.17	1190
5.18	1193
5.19	1197
5.20	1201
5.21	1203
5.22	1206
5.23	1211
5.24	1212
5.25	1217
5.26	1219
5.27	1224
5.28	1227
5.29	1232
5.30	1238
5.31	1242
5.32	1244
5.33	1249
5.34	1257
5.35	1260
5.36	1263
5.37	1266
5.38	1269
5.39	1273
5.40	1274
5.41	1279
5.42	1284
5.43	1285
5.44	1286
5.45	1290
5.46	1297
5.47	1299
5.48	1302
5.49	1305
5.50	1309
5.51	1313
5.52	1316
5.53	1320
5.54	1324
5.55	1331
5.56	1337
5.57	1338
5.58	1340
5.59	1344
5.60	1349
5.61	1351
5.62	1359
5.63	1363
5.64	1369
5.65	1374
5.66	1377
5.67	1381
5.68	1385
5.69	1388
5.70	1390
5.71	1392
5.72	1395
5.73	1400
5.74	1402
5.75	1404
5.76	1409
5.77	1410
5.78	1414
5.79	1417
5.80	1422
5.81	1428
5.82	1433
5.83	1434
5.84	1438
5.85	1440
5.86	1444
5.87	1445
5.88	1455
5.89	1461
5.90	1466
5.91	1474
5.92	1475
5.93	1477
5.94	1480
5.95	1484
5.96	1490
5.97	1493
5.98	1497
5.99	1501
6.00	1502
6.01	1508
6.02	1512
6.03	1513
6.04	1521
6.05	1522
6.06	1526
6.07	1529
6.08	1532
6.09	1535
6.10	1539
6.11	1544
6.12	1547
6.13	1549
6.14	1555
6.15	1564
6.16	1571
6.17	1578
6.18	1581
6.19	1588
6.20	1596
6.21	1601
6.22	1606
6.23	1613
6.24	1615
6.25	1618
6.26	1625
6.27	1626
6.28	1632
6.29	1636
6.30	1638
6.31	1640
6.32	1644
6.33	1652
6.34	1655
6.35	1660
6.36	1667
6.37	1672
6.38	1676
6.39	1681
6.40	1688
6.41	1693
6.42	1700
6.43	1704
6.44	1709
6.45	1712
6.46	1718
6.47	1725
6.48	1733
6.49	1741
6.50	1744
6.51	1747
6.52	1749
6.53	1757
6.54	1763
6.55	1773
6.56	1776
6.57	1781
6.58	1784
6.59	1788
6.60	1790
6.61	1794
6.62	1797
6.63	1807
6.64	1810
6.65	1815
6.66	1822
6.67	1829
6.68	1836
6.69	1841
6.70	1850
6.71	1858
6.72	1864
6.73	1870
6.74	1874
6.75	1879
6.76	1884
6.77	1886
6.78	1891
6.79	1897
6.80	1900
6.81	1903
6.82	1905
6.83	1909
6.84	1910
6.85	1916
6.86	1921
6.87	1926
6.88	1936
6.89	1943
6.90	1951
6.91	1958
6.92	1965
6.93	1968
6.94	1972
6.95	1982
6.96	1985
6.97	1994
6.98	2003
6.99	2013
7.00	2019
7.01	2025
7.02	2030
7.03	2035
7.04	2042
7.05	2054
7.06	2055
7.07	2067
7.08	2072
7.09	2076
7.10	2079
7.11	2083
7.12	2089
7.13	2100
7.14	2109
7.15	2116
7.16	2123
7.17	2130
7.18	2142
7.19	2144
7.20	2149
7.21	2151
7.22	2161
7.23	2169
7.24	2177
7.25	2183
7.26	2190
7.27	2199
7.28	2204
7.29	2211
7.30	2215
7.31	2224
7.32	2229
7.33	2236
7.34	2241
7.35	2249
7.36	2253
7.37	2260
7.38	2268
7.39	2275
7.40	2280
7.41	2285
7.42	2291
7.43	2298
7.44	2306
7.45	2309
7.46	2313
7.47	2320
7.48	2327
7.49	2334
7.50	2343
7.51	2352
7.52	2368
7.53	2377
7.54	2380
7.55	2393
7.56	2402
7.57	2409
7.58	2415
7.59	2419
7.60	2426
7.61	2432
7.62	2438
7.63	2443
7.64	2449
7.65	2459
7.66	2471
7.67	2479
7.68	2487
7.69	2497
7.70	2508
7.71	2520
7.72	2531
7.73	2541
7.74	2546
7.75	2555
7.76	2561
7.77	2574
7.78	2580
7.79	2591
7.80	2596
7.81	2607
7.82	2614
7.83	2619
7.84	2631
7.85	2641
7.86	2647
7.87	2655
7.88	2666
7.89	2672
7.90	2681
7.91	2689
7.92	2693
7.93	2702
7.94	2708
7.95	2723
7.96	2735
7.97	2744
7.98	2756
7.99	2763
8.00	2774
8.01	2780
8.02	2796
8.03	2803
8.04	2808
8.05	2818
8.06	2826
8.07	2837
8.08	2851
8.09	2862
8.10	2876
8.11	2891
8.12	2903
8.13	2917
8.14	2928
8.15	2938
8.16	2952
8.17	2958
8.18	2962
8.19	2974
8.20	2985
8.21	2995
8.22	3007
8.23	3022
8.24	3035
8.25	3048
8.26	3066
8.27	3073
8.28	3083
8.29	3090
8.30	3099
8.31	3109
8.32	3116
8.33	3124
8.34	3135
8.35	3145
8.36	3151
8.37	3163
8.38	3174
8.39	3187
8.40	3205
8.41	3218
8.42	3228
8.43	3244
8.44	3260
8.45	3279
8.46	3294
8.47	3307
8.48	3319
8.49	3329
8.50	3339
8.51	3352
8.52	3365
8.53	3378
8.54	3388
8.55	3406
8.56	3416
8.57	3431
8.58	3449
8.59	3462
8.60	3483
8.61	3499
8.62	3516
8.63	3527
8.64	3545
8.65	3561
8.66	3574
8.67	3591
8.68	3600
8.69	3618
8.70	3638
8.71	3652
8.72	3674
8.73	3693
8.74	3714
8.75	3724
8.76	3736
8.77	3749
8.78	3769
8.79	3787
8.80	3799
8.81	3809
8.82	3820
8.83	3843
8.84	3856
8.85	3866
8.86	3883
8.87	3895
8.88	3914
8.89	3926
8.90	3943
8.91	3961
8.92	3973
8.93	3988
8.94	4010
8.95	4027
8.96	4046
8.97	4069
8.98	4090
8.99	4107
9.00	4127
9.01	4148
9.02	4166
9.03	4185
9.04	4212
9.05	4234
9.06	4252
9.07	4272
9.08	4290
9.09	4311
9.10	4328
9.11	4343
9.12	4362
9.13	4381
9.14	4400
9.15	4418
9.16	4443
9.17	4464
9.18	4486
9.19	4506
9.20	4525
9.21	4543
9.22	4561
9.23	4575
9.24	4601
9.25	4622
9.26	4639
9.27	4657
9.28	4671
9.29	4697
9.30	4717
9.31	4738
9.32	4759
9.33	4778
9.34	4802
9.35	4822
9.36	4848
9.37	4875
9.38	4892
9.39	4912
9.40	4937
9.41	4960
9.42	4981
9.43	5001
9.44	5018
9.45	5042
9.46	5066
9.47	5080
9.48	5106
9.49	5125
9.50	5142
9.51	5171
9.52	5196
9.53	5215
9.54	5237
9.55	5252
9.56	5280
9.57	5305
9.58	5329
9.59	5355
9.60	5388
9.61	5421
9.62	5443
9.63	5477
9.64	5497
9.65	5524
9.66	5553
9.67	5576
9.68	5602
9.69	5625
9.70	5656
9.71	5685
9.72	5705
9.73	5738
9.74	5773
9.75	5803
9.76	5830
9.77	5859
9.78	5885
9.79	5920
9.80	5952
9.81	5975
9.82	6003
9.83	6021
9.84	6052
9.85	6079
9.86	6099
9.87	6119
9.88	6142
9.89	6167
9.90	6187
9.91	6223
9.92	6248
9.93	6268
9.94	6285
9.95	6312
9.96	6346
9.97	6371
9.98	6397
9.99	6427
10.00	6451
10.01	6478
10.02	6512
10.03	6541
10.04	6574
10.05	6606
10.06	6634
10.07	6656
10.08	6675
10.09	6710
10.10	6747
10.11	6775
10.12	6811
10.13	6843
10.14	6873
10.15	6900
10.16	6940
10.17	6965
10.18	6988
10.19	7015
10.20	7053
10.21	7089
10.22	7121
10.23	7147
10.24	7188
10.25	7220
10.26	7249
10.27	7276
10.28	7302
10.29	7334
10.30	7376
10.31	7399
10.32	7437
10.33	7471
10.34	7506
10.35	7549
10.36	7578
10.37	7613
10.38	7649
10.39	7683
10.40	7713
10.41	7743
10.42	7775
10.43	7805
10.44	7834
10.45	7864
10.46	7897
10.47	7937
10.48	7975
10.49	8007
10.50	8044
10.51	8076
10.52	8117
10.53	8152
10.54	8181
10.55	8210
10.56	8239
10.57	8265
10.58	8301
10.59	8342
10.60	8380
10.61	8413
10.62	8445
10.63	8476
10.64	8514
10.65	8554
10.66	8592
10.67	8632
10.68	8657
10.69	8681
10.70	8713
10.71	8744
10.72	8779
10.73	8808
10.74	8840
10.75	8877
10.76	8903
10.77	8933
10.78	8969
10.79	8997
10.80	9026
10.81	9058
10.82	9092
10.83	9124
10.84	9159
10.85	9185
10.86	9211
10.87	9244
10.88	9266
10.89	9300
10.90	9327
10.91	9356
10.92	9389
10.93	9427
10.94	9456
10.95	9490
10.96	9520
10.97	9563
10.98	9583
10.99	9613
11.00	9654
11.01	9690
11.02	9715
11.03	9751
11.04	9778
11.05	9815
11.06	9842
11.07	9863
11.08	9886
11.09	9918
11.10	9947
11.11	9985
11.12	10021
11.13	10047
11.14	10086
11.15	10116
11.16	10140
11.17	10167
11.18	10198
11.19	10233
11.20	10269
11.21	10294
11.22	10319
11.23	10352
11.24	10392
11.25	10418
11.26	10456
11.27	10490
11.28	10529
11.29	10550
11.30	10581
11.31	10607
11.32	10630
11.33	10668
11.34	10695
11.35	10730
11.36	10767
11.37	10805
11.38	10833
11.39	10865
11.40	10896
11.41	10929
11.42	10964
11.43	10997
11.44	11019
11.45	11049
11.46	11076
11.47	11105
11.48	11128
11.49	11150
11.50	11177
11.51	11199
11.52	11233
11.53	11267
11.54	11299
11.55	11327
11.56	11358
11.57	11376
11.58	11409
11.59	11438
11.60	11470
11.61	11497
11.62	11529
11.63	11560
11.64	11584
11.65	11600
11.66	11635
11.67	11664
11.68	11686
11.69	11715
11.70	11734
11.71	11763
11.72	11788
11.73	11808
11.74	11834
11.75	11859
11.76	11884
11.77	11907
11.78	11928
11.79	11956
11.80	11983
11.81	12016
11.82	12039
11.83	12063
11.84	12083
11.85	12105
11.86	12133
11.87	12152
11.88	12173
11.89	12194
11.90	12225
11.91	12249
11.92	12270
11.93	12300
11.94	12323
11.95	12346
11.96	12367
11.97	12388
11.98	12408
11.99	12439
12.00	12467
12.01	12491
12.02	12513
12.03	12526
12.04	12554
12.05	12576
12.06	12596
12.07	12617
12.08	12640
12.09	12658
12.10	12675
12.11	12698
12.12	12718
12.13	12743
12.14	12758
12.15	12783
12.16	12801
12.17	12824
12.18	12841
12.19	12864
12.20	12877
12.21	12903
12.22	12920
12.23	12939
12.24	12957
12.25	12982
12.26	12999
12.27	13018
12.28	13035
12.29	13048
12.30	13058
12.31	13070
12.32	13086
12.33	13112
12.34	13123
12.35	13145
12.36	13157
12.37	13174
12.38	13191
12.39	13209
12.40	13225
12.41	13248
12.42	13262
12.43	13278
12.44	13295
12.45	13312
12.46	13321
12.47	13341
12.48	13352
12.49	13371
12.50	13389
12.51	13407
12.52	13415
12.53	13428
12.54	13435
12.55	13455
12.56	13473
12.57	13491
12.58	13503
12.59	13530
12.60	13545
12.61	13564
12.62	13579
12.63	13592
12.64	13608
12.65	13624
12.66	13639
12.67	13650
12.68	13661
12.69	13672
12.70	13683
12.71	13694
12.72	13705
12.73	13717
12.74	13726
12.75	13737
12.76	13747
12.77	13761
12.78	13768
12.79	13776
12.80	13790
12.81	13801
12.82	13815
12.83	13823
12.84	13832
12.85	13837
12.86	13848
12.87	13852
12.88	13859
12.89	13865
12.90	13875
12.91	13888
12.92	13906
12.93	13915
12.94	13926
12.95	13938
12.96	13947
12.97	13961
12.98	13969
12.99	13977
13.00	15064