interval	nofgenes
0.00	0
0.01	18
0.02	63
0.03	118
0.04	161
0.05	211
0.06	240
0.07	261
0.08	286
0.09	309
0.10	326
0.11	344
0.12	359
0.13	377
0.14	396
0.15	410
0.16	425
0.17	435
0.18	439
0.19	453
0.20	467
0.21	472
0.22	483
0.23	494
0.24	500
0.25	515
0.26	526
0.27	535
0.28	541
0.29	552
0.30	561
0.31	571
0.32	580
0.33	585
0.34	601
0.35	607
0.36	616
0.37	629
0.38	636
0.39	650
0.40	657
0.41	666
0.42	674
0.43	684
0.44	695
0.45	704
0.46	713
0.47	721
0.48	735
0.49	741
0.50	748
0.51	755
0.52	762
0.53	771
0.54	781
0.55	789
0.56	796
0.57	802
0.58	814
0.59	821
0.60	832
0.61	838
0.62	845
0.63	855
0.64	864
0.65	871
0.66	888
0.67	896
0.68	902
0.69	912
0.70	914
0.71	924
0.72	930
0.73	938
0.74	949
0.75	954
0.76	959
0.77	962
0.78	971
0.79	981
0.80	990
0.81	998
0.82	1007
0.83	1015
0.84	1028
0.85	1035
0.86	1042
0.87	1052
0.88	1064
0.89	1072
0.90	1080
0.91	1087
0.92	1098
0.93	1106
0.94	1117
0.95	1130
0.96	1146
0.97	1153
0.98	1160
0.99	1172
1.00	1173
1.01	1184
1.02	1189
1.03	1206
1.04	1214
1.05	1226
1.06	1233
1.07	1240
1.08	1247
1.09	1258
1.10	1264
1.11	1272
1.12	1284
1.13	1294
1.14	1303
1.15	1311
1.16	1323
1.17	1340
1.18	1346
1.19	1358
1.20	1365
1.21	1373
1.22	1379
1.23	1388
1.24	1396
1.25	1407
1.26	1413
1.27	1426
1.28	1436
1.29	1451
1.30	1461
1.31	1468
1.32	1480
1.33	1495
1.34	1502
1.35	1512
1.36	1527
1.37	1536
1.38	1550
1.39	1565
1.40	1575
1.41	1591
1.42	1600
1.43	1606
1.44	1620
1.45	1633
1.46	1643
1.47	1664
1.48	1673
1.49	1685
1.50	1694
1.51	1703
1.52	1718
1.53	1722
1.54	1728
1.55	1732
1.56	1740
1.57	1751
1.58	1763
1.59	1771
1.60	1780
1.61	1794
1.62	1802
1.63	1808
1.64	1819
1.65	1835
1.66	1847
1.67	1861
1.68	1874
1.69	1889
1.70	1900
1.71	1912
1.72	1925
1.73	1938
1.74	1949
1.75	1960
1.76	1967
1.77	1979
1.78	1987
1.79	2000
1.80	2013
1.81	2030
1.82	2042
1.83	2060
1.84	2069
1.85	2079
1.86	2088
1.87	2096
1.88	2107
1.89	2119
1.90	2131
1.91	2145
1.92	2159
1.93	2171
1.94	2181
1.95	2195
1.96	2206
1.97	2227
1.98	2247
1.99	2260
2.00	2277
2.01	2285
2.02	2305
2.03	2319
2.04	2333
2.05	2345
2.06	2351
2.07	2369
2.08	2381
2.09	2387
2.10	2395
2.11	2411
2.12	2429
2.13	2447
2.14	2460
2.15	2474
2.16	2482
2.17	2499
2.18	2514
2.19	2526
2.20	2541
2.21	2559
2.22	2573
2.23	2591
2.24	2608
2.25	2623
2.26	2629
2.27	2639
2.28	2655
2.29	2676
2.30	2687
2.31	2700
2.32	2720
2.33	2740
2.34	2758
2.35	2773
2.36	2789
2.37	2805
2.38	2821
2.39	2840
2.40	2860
2.41	2880
2.42	2902
2.43	2917
2.44	2931
2.45	2944
2.46	2962
2.47	2978
2.48	2993
2.49	3006
2.50	3033
2.51	3050
2.52	3069
2.53	3085
2.54	3108
2.55	3133
2.56	3149
2.57	3172
2.58	3192
2.59	3214
2.60	3235
2.61	3259
2.62	3276
2.63	3298
2.64	3318
2.65	3336
2.66	3355
2.67	3377
2.68	3400
2.69	3423
2.70	3444
2.71	3467
2.72	3493
2.73	3507
2.74	3524
2.75	3547
2.76	3557
2.77	3579
2.78	3597
2.79	3622
2.80	3639
2.81	3660
2.82	3685
2.83	3708
2.84	3736
2.85	3762
2.86	3784
2.87	3804
2.88	3827
2.89	3851
2.90	3865
2.91	3894
2.92	3921
2.93	3937
2.94	3969
2.95	3992
2.96	4016
2.97	4053
2.98	4079
2.99	4108
3.00	4124
3.01	4149
3.02	4173
3.03	4194
3.04	4207
3.05	4229
3.06	4246
3.07	4270
3.08	4300
3.09	4325
3.10	4353
3.11	4381
3.12	4406
3.13	4431
3.14	4458
3.15	4485
3.16	4518
3.17	4546
3.18	4572
3.19	4599
3.20	4625
3.21	4654
3.22	4674
3.23	4704
3.24	4734
3.25	4771
3.26	4795
3.27	4827
3.28	4862
3.29	4881
3.30	4905
3.31	4935
3.32	4966
3.33	4999
3.34	5021
3.35	5061
3.36	5083
3.37	5119
3.38	5151
3.39	5183
3.40	5214
3.41	5236
3.42	5260
3.43	5296
3.44	5322
3.45	5347
3.46	5369
3.47	5396
3.48	5431
3.49	5453
3.50	5478
3.51	5517
3.52	5551
3.53	5576
3.54	5607
3.55	5645
3.56	5678
3.57	5713
3.58	5749
3.59	5784
3.60	5820
3.61	5851
3.62	5878
3.63	5909
3.64	5933
3.65	5978
3.66	6006
3.67	6032
3.68	6058
3.69	6086
3.70	6117
3.71	6154
3.72	6183
3.73	6210
3.74	6234
3.75	6266
3.76	6298
3.77	6331
3.78	6368
3.79	6395
3.80	6429
3.81	6455
3.82	6483
3.83	6520
3.84	6560
3.85	6594
3.86	6637
3.87	6679
3.88	6713
3.89	6747
3.90	6782
3.91	6822
3.92	6859
3.93	6886
3.94	6931
3.95	6962
3.96	6991
3.97	7028
3.98	7059
3.99	7091
4.00	7125
4.01	7161
4.02	7203
4.03	7241
4.04	7275
4.05	7310
4.06	7345
4.07	7370
4.08	7407
4.09	7435
4.10	7457
4.11	7495
4.12	7525
4.13	7557
4.14	7591
4.15	7626
4.16	7666
4.17	7700
4.18	7736
4.19	7759
4.20	7798
4.21	7818
4.22	7845
4.23	7883
4.24	7915
4.25	7939
4.26	7966
4.27	7996
4.28	8042
4.29	8080
4.30	8101
4.31	8126
4.32	8162
4.33	8195
4.34	8224
4.35	8256
4.36	8292
4.37	8333
4.38	8372
4.39	8401
4.40	8425
4.41	8455
4.42	8487
4.43	8525
4.44	8548
4.45	8584
4.46	8623
4.47	8655
4.48	8686
4.49	8713
4.50	8752
4.51	8788
4.52	8812
4.53	8838
4.54	8864
4.55	8897
4.56	8936
4.57	8973
4.58	9013
4.59	9054
4.60	9086
4.61	9120
4.62	9156
4.63	9193
4.64	9224
4.65	9267
4.66	9297
4.67	9340
4.68	9379
4.69	9417
4.70	9439
4.71	9468
4.72	9491
4.73	9513
4.74	9548
4.75	9566
4.76	9595
4.77	9623
4.78	9651
4.79	9676
4.80	9713
4.81	9741
4.82	9768
4.83	9796
4.84	9832
4.85	9856
4.86	9884
4.87	9910
4.88	9945
4.89	9989
4.90	10020
4.91	10048
4.92	10081
4.93	10119
4.94	10144
4.95	10164
4.96	10179
4.97	10205
4.98	10234
4.99	10267
5.00	10299
5.01	10329
5.02	10348
5.03	10382
5.04	10419
5.05	10453
5.06	10483
5.07	10509
5.08	10541
5.09	10567
5.10	10601
5.11	10622
5.12	10647
5.13	10671
5.14	10694
5.15	10724
5.16	10745
5.17	10765
5.18	10789
5.19	10812
5.20	10845
5.21	10875
5.22	10905
5.23	10924
5.24	10950
5.25	10979
5.26	11009
5.27	11037
5.28	11056
5.29	11077
5.30	11104
5.31	11146
5.32	11173
5.33	11193
5.34	11213
5.35	11244
5.36	11271
5.37	11293
5.38	11314
5.39	11336
5.40	11360
5.41	11386
5.42	11411
5.43	11432
5.44	11462
5.45	11484
5.46	11514
5.47	11541
5.48	11574
5.49	11598
5.50	11623
5.51	11643
5.52	11662
5.53	11684
5.54	11706
5.55	11727
5.56	11743
5.57	11766
5.58	11788
5.59	11808
5.60	11826
5.61	11853
5.62	11870
5.63	11887
5.64	11909
5.65	11930
5.66	11951
5.67	11975
5.68	12003
5.69	12026
5.70	12048
5.71	12067
5.72	12097
5.73	12118
5.74	12139
5.75	12156
5.76	12174
5.77	12195
5.78	12212
5.79	12247
5.80	12274
5.81	12303
5.82	12323
5.83	12340
5.84	12358
5.85	12377
5.86	12389
5.87	12407
5.88	12419
5.89	12433
5.90	12454
5.91	12476
5.92	12490
5.93	12512
5.94	12532
5.95	12545
5.96	12572
5.97	12588
5.98	12609
5.99	12626
6.00	12643
6.01	12658
6.02	12672
6.03	12688
6.04	12709
6.05	12721
6.06	12738
6.07	12760
6.08	12772
6.09	12791
6.10	12807
6.11	12824
6.12	12847
6.13	12865
6.14	12876
6.15	12895
6.16	12916
6.17	12934
6.18	12957
6.19	12973
6.20	12989
6.21	13001
6.22	13024
6.23	13037
6.24	13051
6.25	13063
6.26	13079
6.27	13091
6.28	13104
6.29	13120
6.30	13138
6.31	13151
6.32	13167
6.33	13178
6.34	13188
6.35	13205
6.36	13220
6.37	13234
6.38	13252
6.39	13264
6.40	13277
6.41	13292
6.42	13314
6.43	13324
6.44	13337
6.45	13354
6.46	13366
6.47	13376
6.48	13391
6.49	13402
6.50	13415
6.51	13421
6.52	13436
6.53	13450
6.54	13460
6.55	13470
6.56	13481
6.57	13498
6.58	13512
6.59	13525
6.60	13536
6.61	13543
6.62	13558
6.63	13569
6.64	13583
6.65	13592
6.66	13604
6.67	13621
6.68	13635
6.69	13649
6.70	13657
6.71	13667
6.72	13684
6.73	13695
6.74	13705
6.75	13717
6.76	13727
6.77	13736
6.78	13742
6.79	13749
6.80	13754
6.81	13757
6.82	13767
6.83	13777
6.84	13785
6.85	13792
6.86	13798
6.87	13804
6.88	13814
6.89	13823
6.90	13833
6.91	13842
6.92	13849
6.93	13860
6.94	13873
6.95	13880
6.96	13888
6.97	13897
6.98	13913
6.99	13919
7.00	13930
7.01	13943
7.02	13950
7.03	13963
7.04	13967
7.05	13977
7.06	13989
7.07	13996
7.08	14002
7.09	14013
7.10	14018
7.11	14029
7.12	14042
7.13	14056
7.14	14063
7.15	14068
7.16	14073
7.17	14081
7.18	14087
7.19	14093
7.20	14098
7.21	14104
7.22	14109
7.23	14117
7.24	14122
7.25	14128
7.26	14130
7.27	14136
7.28	14144
7.29	14148
7.30	14155
7.31	14162
7.32	14165
7.33	14174
7.34	14180
7.35	14190
7.36	14197
7.37	14205
7.38	14211
7.39	14219
7.40	14229
7.41	14233
7.42	14236
7.43	14238
7.44	14242
7.45	14250
7.46	14255
7.47	14263
7.48	14270
7.49	14271
7.50	14279
7.51	14285
7.52	14290
7.53	14296
7.54	14300
7.55	14308
7.56	14312
7.57	14319
7.58	14325
7.59	14328
7.60	14335
7.61	14339
7.62	14345
7.63	14346
7.64	14349
7.65	14352
7.66	14356
7.67	14363
7.68	14372
7.69	14377
7.70	14383
7.71	14389
7.72	14393
7.73	14398
7.74	14404
7.75	14409
7.76	14414
7.77	14419
7.78	14426
7.79	14429
7.80	14435
7.81	14438
7.82	14441
7.83	14445
7.84	14451
7.85	14453
7.86	14457
7.87	14462
7.88	14466
7.89	14469
7.90	14473
7.91	14475
7.92	14477
7.93	14482
7.94	14488
7.95	14492
7.96	14495
7.97	14499
7.98	14502
7.99	14514
8.00	14518
8.01	14524
8.02	14530
8.03	14537
8.04	14541
8.05	14545
8.06	14551
8.07	14553
8.08	14558
8.09	14561
8.10	14566
8.11	14568
8.12	14573
8.13	14577
8.14	14580
8.15	14582
8.16	14585
8.17	14586
8.18	14588
8.19	14593
8.20	14597
8.21	14599
8.22	14600
8.23	14601
8.24	14603
8.25	14605
8.26	14610
8.27	14615
8.28	14622
8.29	14625
8.30	14630
8.31	14631
8.32	14635
8.33	14640
8.34	14644
8.35	14649
8.36	14652
8.37	14656
8.38	14656
8.39	14657
8.40	14661
8.41	14665
8.42	14670
8.43	14671
8.44	14675
8.45	14678
8.46	14678
8.47	14681
8.48	14685
8.49	14690
8.50	14692
8.51	14693
8.52	14697
8.53	14698
8.54	14700
8.55	14702
8.56	14703
8.57	14704
8.58	14707
8.59	14713
8.60	14717
8.61	14722
8.62	14722
8.63	14727
8.64	14729
8.65	14732
8.66	14733
8.67	14736
8.68	14740
8.69	14741
8.70	14745
8.71	14747
8.72	14748
8.73	14749
8.74	14753
8.75	14755
8.76	14758
8.77	14760
8.78	14761
8.79	14764
8.80	14767
8.81	14768
8.82	14770
8.83	14770
8.84	14771
8.85	14772
8.86	14775
8.87	14778
8.88	14782
8.89	14782
8.90	14787
8.91	14789
8.92	14790
8.93	14794
8.94	14797
8.95	14798
8.96	14799
8.97	14800
8.98	14800
8.99	14803
9.00	14807
9.01	14807
9.02	14809
9.03	14811
9.04	14815
9.05	14816
9.06	14818
9.07	14821
9.08	14821
9.09	14824
9.10	14825
9.11	14825
9.12	14828
9.13	14831
9.14	14833
9.15	14835
9.16	14835
9.17	14837
9.18	14839
9.19	14843
9.20	14845
9.21	14845
9.22	14846
9.23	14847
9.24	14849
9.25	14851
9.26	14852
9.27	14852
9.28	14852
9.29	14854
9.30	14854
9.31	14856
9.32	14857
9.33	14857
9.34	14862
9.35	14862
9.36	14865
9.37	14869
9.38	14870
9.39	14870
9.40	14871
9.41	14875
9.42	14878
9.43	14878
9.44	14878
9.45	14878
9.46	14881
9.47	14884
9.48	14885
9.49	14885
9.50	14887
9.51	14890
9.52	14892
9.53	14893
9.54	14899
9.55	14900
9.56	14902
9.57	14902
9.58	14903
9.59	14903
9.60	14904
9.61	14904
9.62	14904
9.63	14907
9.64	14908
9.65	14910
9.66	14913
9.67	14914
9.68	14914
9.69	14915
9.70	14916
9.71	14917
9.72	14919
9.73	14920
9.74	14920
9.75	14921
9.76	14925
9.77	14927
9.78	14927
9.79	14927
9.80	14928
9.81	14931
9.82	14934
9.83	14935
9.84	14936
9.85	14937
9.86	14938
9.87	14941
9.88	14942
9.89	14943
9.90	14944
9.91	14944
9.92	14946
9.93	14948
9.94	14950
9.95	14950
9.96	14951
9.97	14952
9.98	14952
9.99	14952
10.00	14954
10.01	14955
10.02	14956
10.03	14957
10.04	14959
10.05	14960
10.06	14961
10.07	14961
10.08	14963
10.09	14963
10.10	14963
10.11	14964
10.12	14964
10.13	14964
10.14	14964
10.15	14965
10.16	14965
10.17	14968
10.18	14969
10.19	14969
10.20	14969
10.21	14970
10.22	14971
10.23	14972
10.24	14972
10.25	14972
10.26	14972
10.27	14974
10.28	14974
10.29	14974
10.30	14975
10.31	14975
10.32	14976
10.33	14976
10.34	14976
10.35	14977
10.36	14978
10.37	14978
10.38	14979
10.39	14980
10.40	14983
10.41	14984
10.42	14984
10.43	14984
10.44	14986
10.45	14986
10.46	14986
10.47	14986
10.48	14986
10.49	14986
10.50	14988
10.51	14988
10.52	14989
10.53	14989
10.54	14990
10.55	14990
10.56	14990
10.57	14990
10.58	14991
10.59	14991
10.60	14991
10.61	14992
10.62	14992
10.63	14995
10.64	14995
10.65	14996
10.66	14997
10.67	14997
10.68	14998
10.69	14998
10.70	14998
10.71	15000
10.72	15000
10.73	15002
10.74	15002
10.75	15003
10.76	15003
10.77	15003
10.78	15003
10.79	15004
10.80	15005
10.81	15006
10.82	15006
10.83	15006
10.84	15007
10.85	15007
10.86	15007
10.87	15007
10.88	15007
10.89	15007
10.90	15009
10.91	15010
10.92	15010
10.93	15010
10.94	15010
10.95	15010
10.96	15011
10.97	15011
10.98	15012
10.99	15012
11.00	15012
11.01	15012
11.02	15013
11.03	15013
11.04	15013
11.05	15013
11.06	15013
11.07	15013
11.08	15014
11.09	15016
11.10	15016
11.11	15016
11.12	15016
11.13	15016
11.14	15016
11.15	15016
11.16	15017
11.17	15017
11.18	15017
11.19	15018
11.20	15019
11.21	15020
11.22	15021
11.23	15021
11.24	15021
11.25	15021
11.26	15022
11.27	15022
11.28	15022
11.29	15022
11.30	15022
11.31	15024
11.32	15024
11.33	15024
11.34	15024
11.35	15024
11.36	15024
11.37	15024
11.38	15024
11.39	15024
11.40	15024
11.41	15024
11.42	15025
11.43	15025
11.44	15025
11.45	15025
11.46	15025
11.47	15026
11.48	15026
11.49	15026
11.50	15027
11.51	15027
11.52	15027
11.53	15028
11.54	15029
11.55	15029
11.56	15029
11.57	15030
11.58	15030
11.59	15030
11.60	15030
11.61	15030
11.62	15030
11.63	15031
11.64	15031
11.65	15031
11.66	15031
11.67	15032
11.68	15033
11.69	15033
11.70	15034
11.71	15035
11.72	15035
11.73	15035
11.74	15036
11.75	15036
11.76	15036
11.77	15037
11.78	15037
11.79	15037
11.80	15037
11.81	15038
11.82	15038
11.83	15038
11.84	15038
11.85	15039
11.86	15039
11.87	15039
11.88	15039
11.89	15039
11.90	15039
11.91	15039
11.92	15040
11.93	15040
11.94	15041
11.95	15041
11.96	15043
11.97	15043
11.98	15043
11.99	15043
12.00	15043
12.01	15043
12.02	15043
12.03	15043
12.04	15043
12.05	15043
12.06	15043
12.07	15043
12.08	15043
12.09	15043
12.10	15044
12.11	15044
12.12	15045
12.13	15045
12.14	15045
12.15	15045
12.16	15045
12.17	15045
12.18	15045
12.19	15045
12.20	15045
12.21	15045
12.22	15045
12.23	15045
12.24	15045
12.25	15045
12.26	15045
12.27	15045
12.28	15045
12.29	15045
12.30	15045
12.31	15045
12.32	15045
12.33	15045
12.34	15045
12.35	15045
12.36	15045
12.37	15045
12.38	15046
12.39	15046
12.40	15047
12.41	15047
12.42	15047
12.43	15048
12.44	15048
12.45	15048
12.46	15049
12.47	15049
12.48	15049
12.49	15050
12.50	15050
12.51	15050
12.52	15050
12.53	15050
12.54	15050
12.55	15050
12.56	15050
12.57	15050
12.58	15050
12.59	15050
12.60	15050
12.61	15050
12.62	15050
12.63	15050
12.64	15050
12.65	15051
12.66	15051
12.67	15051
12.68	15051
12.69	15051
12.70	15052
12.71	15052
12.72	15052
12.73	15052
12.74	15052
12.75	15052
12.76	15052
12.77	15052
12.78	15052
12.79	15052
12.80	15052
12.81	15052
12.82	15052
12.83	15052
12.84	15052
12.85	15052
12.86	15052
12.87	15052
12.88	15052
12.89	15052
12.90	15052
12.91	15052
12.92	15052
12.93	15052
12.94	15052
12.95	15052
12.96	15052
12.97	15052
12.98	15053
12.99	15053
13.00	15064